157 3 1
9 5 1
24 5 1
36 5 1
8 7 1
9 7 1
19 7 1
39 7 1
7 8 1
16 8 2
163 8 1
5 9 1
7 9 1
48 10 1
163 10 1
17 11 1
40 11 1
41 11 1
95 11 2
163 11 1
56 12 1
156 12 1
36 13 1
53 13 1
158 13 1
56 14 1
163 14 1
24 15 1
8 16 2
19 16 1
156 16 1
11 17 1
23 17 1
7 19 1
16 19 1
21 19 1
39 19 1
19 21 1
36 21 1
17 23 1
31 23 1
60 23 1
68 23 1
95 23 1
163 23 1
5 24 1
15 24 1
28 24 1
39 24 2
26 25 1
33 25 1
96 25 1
25 26 1
46 26 1
47 26 2
65 26 1
107 26 2
156 26 1
48 27 1
156 27 1
24 28 1
39 29 1
163 29 1
32 30 1
111 30 1
156 30 1
23 31 1
65 31 1
30 32 1
111 32 1
163 32 1
25 33 1
38 33 1
89 33 1
107 33 1
156 33 1
39 35 1
5 36 1
13 36 1
21 36 1
45 37 1
97 37 1
106 37 2
165 37 1
249 37 1
250 37 2
33 38 1
65 38 1
7 39 1
19 39 1
24 39 2
29 39 1
35 39 1
59 39 1
67 39 1
11 40 1
65 40 1
11 41 1
42 41 1
43 41 1
46 41 1
52 41 1
67 41 1
68 41 1
41 42 1
118 42 3
41 43 1
54 43 1
85 43 1
107 43 2
137 43 1
157 44 1
37 45 1
26 46 1
41 46 1
51 46 1
54 46 1
59 46 1
62 46 1
67 46 1
89 46 1
26 47 2
65 47 1
10 48 1
27 48 1
56 48 5
104 48 2
115 48 3
144 48 1
146 48 1
161 48 3
162 48 4
166 48 3
168 48 2
170 48 4
174 48 2
178 48 1
179 48 1
183 48 2
186 48 1
192 48 5
195 48 3
200 48 1
202 48 6
205 48 1
208 48 1
212 48 2
214 48 6
217 48 10
218 48 5
219 48 3
220 48 4
225 48 10
229 48 1
231 48 4
234 48 1
237 48 1
238 48 2
240 48 1
247 48 1
261 48 1
262 48 2
268 48 5
58 50 1
157 50 1
259 50 5
46 51 1
121 51 2
41 52 1
68 52 1
13 53 1
158 53 1
43 54 1
46 54 1
93 54 2
95 54 2
151 54 1
63 55 1
80 55 1
12 56 1
14 56 1
48 56 5
113 56 2
115 56 1
143 56 3
146 56 1
166 56 2
168 56 6
174 56 2
178 56 2
183 56 1
185 56 2
186 56 3
192 56 3
195 56 2
200 56 1
202 56 2
204 56 2
205 56 1
208 56 5
212 56 4
214 56 5
217 56 4
218 56 4
220 56 3
225 56 2
231 56 1
234 56 1
237 56 1
240 56 7
245 56 1
248 56 1
268 56 3
50 58 1
81 58 1
158 58 1
256 58 4
39 59 1
46 59 1
67 59 1
113 59 2
115 59 3
23 60 1
73 60 1
117 60 1
157 60 1
155 61 1
46 62 1
55 63 1
94 63 1
84 64 1
95 64 1
26 65 1
31 65 1
38 65 1
40 65 1
47 65 1
144 65 1
75 66 1
101 66 1
157 66 1
39 67 1
41 67 1
46 67 1
59 67 1
113 67 3
115 67 2
23 68 1
41 68 1
52 68 1
86 68 1
127 70 1
154 70 1
123 71 1
133 71 1
112 72 1
60 73 1
83 74 1
110 74 1
66 75 1
116 75 1
126 75 1
158 75 1
90 76 1
110 76 2
81 77 1
126 77 2
133 77 1
155 77 1
157 77 1
98 78 1
107 78 1
136 78 1
120 79 1
129 79 1
55 80 1
85 80 1
115 80 1
156 80 3
244 80 1
255 80 1
58 81 1
77 81 1
129 81 1
132 81 2
154 81 1
158 81 1
74 83 1
127 83 1
129 83 1
64 84 1
95 84 1
97 84 1
106 84 1
179 84 1
43 85 1
80 85 1
93 85 2
179 85 2
68 86 1
95 86 1
107 86 1
137 86 1
89 87 1
98 88 1
157 88 3
33 89 1
46 89 1
87 89 1
109 89 1
76 90 1
127 90 2
92 91 1
142 91 2
147 91 2
263 91 1
91 92 1
142 92 1
147 92 3
54 93 2
85 93 2
94 93 1
179 93 2
63 94 1
93 94 1
113 94 1
137 94 1
163 94 3
165 94 1
244 94 1
255 94 2
11 95 2
23 95 1
54 95 2
64 95 1
84 95 1
86 95 1
95 95 1
97 95 1
98 95 1
102 95 1
106 95 1
107 95 3
112 95 1
130 95 1
163 95 1
244 95 1
25 96 1
37 97 1
84 97 1
95 97 1
106 97 3
107 97 1
139 97 3
148 97 1
151 97 1
173 97 1
179 97 1
180 97 1
187 97 1
189 97 1
194 97 1
203 97 2
204 97 1
213 97 7
214 97 2
218 97 1
219 97 2
230 97 2
235 97 2
236 97 2
254 97 1
78 98 1
88 98 1
95 98 1
107 98 1
104 100 4
262 100 1
66 101 1
116 101 1
123 101 1
95 102 1
158 103 1
48 104 2
100 104 4
117 104 2
137 104 1
262 104 1
268 104 3
37 106 2
84 106 1
95 106 1
97 106 3
107 106 1
139 106 1
153 106 1
164 106 1
165 106 3
171 106 1
173 106 1
180 106 1
189 106 1
194 106 2
203 106 2
204 106 1
205 106 1
213 106 3
214 106 2
217 106 1
218 106 6
219 106 1
229 106 1
230 106 1
233 106 1
235 106 1
236 106 1
254 106 1
278 106 2
26 107 2
33 107 1
43 107 2
78 107 1
86 107 1
95 107 3
97 107 1
98 107 1
106 107 1
107 107 1
109 107 1
124 107 1
128 107 1
131 107 1
156 107 1
244 107 1
89 109 1
107 109 1
137 109 1
167 109 1
74 110 1
76 110 2
127 110 1
30 111 1
32 111 1
72 112 1
95 112 1
140 112 1
141 112 1
56 113 2
59 113 2
67 113 3
94 113 1
137 113 1
138 113 1
122 114 1
48 115 3
56 115 1
59 115 3
67 115 2
80 115 1
134 115 1
137 115 1
75 116 1
101 116 1
120 116 1
60 117 1
104 117 2
145 117 1
155 117 2
42 118 3
140 118 1
141 118 1
144 119 1
145 119 1
154 119 2
193 119 2
79 120 1
116 120 1
123 120 2
150 120 1
51 121 2
114 122 1
71 123 1
101 123 1
120 123 2
107 124 1
228 125 1
253 125 1
255 125 9
75 126 1
77 126 2
140 126 1
141 126 1
70 127 1
83 127 1
90 127 2
110 127 1
107 128 1
140 128 2
141 128 1
264 128 1
79 129 1
81 129 1
83 129 1
133 129 2
95 130 1
107 131 1
81 132 2
141 132 1
71 133 1
77 133 1
129 133 2
115 134 1
138 134 1
78 136 1
43 137 1
86 137 1
94 137 1
104 137 1
109 137 1
113 137 1
115 137 1
165 137 1
113 138 1
134 138 1
97 139 3
106 139 1
151 139 4
163 139 1
171 139 1
187 139 1
189 139 1
203 139 2
112 140 1
118 140 1
126 140 1
128 140 2
141 140 2
148 140 1
150 140 1
156 140 1
247 140 6
112 141 1
118 141 1
126 141 1
128 141 1
132 141 1
140 141 2
148 141 2
151 141 4
152 141 1
163 141 1
230 141 1
243 141 1
244 141 2
247 141 1
91 142 2
92 142 1
147 142 23
207 142 1
56 143 3
168 143 2
174 143 1
48 144 1
65 144 1
119 144 1
145 144 2
117 145 1
119 145 1
144 145 2
48 146 1
56 146 1
168 146 3
91 147 2
92 147 3
142 147 23
256 147 1
97 148 1
140 148 1
141 148 2
156 148 1
163 148 2
243 148 9
247 148 7
160 149 1
120 150 1
140 150 1
54 151 1
97 151 1
139 151 4
141 151 4
153 151 2
141 152 1
106 153 1
151 153 2
165 153 1
173 153 6
70 154 1
81 154 1
119 154 2
155 154 1
256 154 1
61 155 1
77 155 1
117 155 2
154 155 1
259 155 1
12 156 1
16 156 1
26 156 1
27 156 1
30 156 1
33 156 1
80 156 3
107 156 1
140 156 1
148 156 1
163 156 3
3 157 1
44 157 1
50 157 1
60 157 1
66 157 1
77 157 1
88 157 3
13 158 1
53 158 1
58 158 1
75 158 1
81 158 1
103 158 1
160 159 1
167 159 1
149 160 1
159 160 1
48 161 3
174 161 2
48 162 4
170 162 3
178 162 2
186 162 1
8 163 1
10 163 1
11 163 1
14 163 1
23 163 1
29 163 1
32 163 1
94 163 3
95 163 1
139 163 1
141 163 1
148 163 2
156 163 3
167 163 2
106 164 1
167 164 4
169 164 2
182 164 1
37 165 1
94 165 1
106 165 3
137 165 1
153 165 1
171 165 1
180 165 1
189 165 1
254 165 1
48 166 3
56 166 2
169 166 1
178 166 1
109 167 1
159 167 1
163 167 2
164 167 4
169 167 7
170 167 1
181 167 1
255 167 5
48 168 2
56 168 6
143 168 2
146 168 3
195 168 1
164 169 2
166 169 1
167 169 7
170 169 3
175 169 2
48 170 4
162 170 3
167 170 1
169 170 3
106 171 1
139 171 1
165 171 1
212 171 1
174 172 1
186 172 2
97 173 1
106 173 1
153 173 6
189 173 1
195 173 1
48 174 2
56 174 2
143 174 1
161 174 2
172 174 1
183 174 1
169 175 2
184 175 1
247 175 1
48 178 1
56 178 2
162 178 2
166 178 1
48 179 1
84 179 1
85 179 2
93 179 2
97 179 1
224 179 1
97 180 1
106 180 1
165 180 1
187 180 1
189 180 1
167 181 1
188 181 6
199 181 2
164 182 1
184 182 2
196 182 2
48 183 2
56 183 1
174 183 1
192 183 2
175 184 1
182 184 2
191 184 1
243 184 1
56 185 2
190 185 1
48 186 1
56 186 3
162 186 1
172 186 2
208 186 1
97 187 1
139 187 1
180 187 1
194 187 1
181 188 6
199 188 2
97 189 1
106 189 1
139 189 1
165 189 1
173 189 1
180 189 1
185 190 1
184 191 1
201 191 2
243 191 1
48 192 5
56 192 3
183 192 2
208 192 2
119 193 2
197 193 1
198 193 1
97 194 1
106 194 2
187 194 1
195 194 1
48 195 3
56 195 2
168 195 1
173 195 1
194 195 1
182 196 2
215 196 1
193 197 1
270 197 1
193 198 1
181 199 2
188 199 2
207 199 1
209 199 2
215 199 1
48 200 1
56 200 1
212 200 1
191 201 2
206 201 1
48 202 6
56 202 2
97 203 2
106 203 2
139 203 2
56 204 2
97 204 1
106 204 1
48 205 1
56 205 1
106 205 1
208 205 2
217 205 1
201 206 1
229 206 1
142 207 1
199 207 1
209 207 1
48 208 1
56 208 5
186 208 1
192 208 2
205 208 2
199 209 2
207 209 1
211 210 1
276 210 1
210 211 1
48 212 2
56 212 4
171 212 1
200 212 1
97 213 7
106 213 3
217 213 3
218 213 3
229 213 1
48 214 6
56 214 5
97 214 2
106 214 2
196 215 1
199 215 1
216 215 1
215 216 1
217 216 1
48 217 10
56 217 4
106 217 1
205 217 1
213 217 3
216 217 1
217 217 1
218 217 3
223 217 1
268 217 2
48 218 5
56 218 4
97 218 1
106 218 6
213 218 3
217 218 3
229 218 4
253 218 1
262 218 2
48 219 3
97 219 2
106 219 1
48 220 4
56 220 3
223 221 3
228 221 1
268 221 1
223 222 1
233 222 5
217 223 1
221 223 3
222 223 1
228 223 1
179 224 1
48 225 10
56 225 2
125 228 1
221 228 1
223 228 1
48 229 1
106 229 1
206 229 1
213 229 1
218 229 4
253 229 1
255 229 1
268 229 1
97 230 2
106 230 1
141 230 1
262 230 1
48 231 4
56 231 1
253 231 7
233 232 1
106 233 1
222 233 5
232 233 1
255 233 4
48 234 1
56 234 1
97 235 2
106 235 1
245 235 1
97 236 2
106 236 1
48 237 1
56 237 1
48 238 2
48 240 1
56 240 7
250 241 2
141 243 1
148 243 9
184 243 1
191 243 1
247 243 1
255 243 13
80 244 1
94 244 1
95 244 1
107 244 1
141 244 2
247 244 1
56 245 1
235 245 1
274 245 1
275 245 1
48 247 1
140 247 6
141 247 1
148 247 7
175 247 1
243 247 1
244 247 1
251 247 2
255 247 2
258 247 3
269 247 4
56 248 1
249 248 1
37 249 1
248 249 1
252 249 1
275 249 1
37 250 2
241 250 2
247 251 2
249 252 1
125 253 1
218 253 1
229 253 1
231 253 7
97 254 1
106 254 1
165 254 1
262 254 1
270 254 2
80 255 1
94 255 2
125 255 9
167 255 5
229 255 1
233 255 4
243 255 13
247 255 2
58 256 4
147 256 1
154 256 1
259 256 2
278 256 1
258 257 2
247 258 3
257 258 2
50 259 5
155 259 1
256 259 2
48 261 1
270 261 1
279 261 1
48 262 2
100 262 1
104 262 1
218 262 2
230 262 1
254 262 1
268 262 5
279 262 1
91 263 1
265 263 3
128 264 1
263 265 3
270 266 1
277 266 1
48 268 5
56 268 3
104 268 3
217 268 2
221 268 1
229 268 1
262 268 5
271 268 2
272 268 1
274 268 1
277 268 1
247 269 4
197 270 1
254 270 2
261 270 1
266 270 1
277 270 2
268 271 2
268 272 1
245 274 1
268 274 1
275 274 1
245 275 1
249 275 1
274 275 1
279 275 1
210 276 1
266 277 1
268 277 1
270 277 2
106 278 2
256 278 1
261 279 1
262 279 1
275 279 1


