4.000, 0.000, 0.000
3.936, 0.119, 0.348
3.752, 0.227, 0.652
3.470, 0.315, 0.875
3.127, 0.379, 0.989
2.765, 0.420, 0.979
2.429, 0.445, 0.848
2.159, 0.463, 0.610
1.986, 0.489, 0.297
1.928, 0.537, -0.053
1.988, 0.619, -0.397
2.153, 0.742, -0.691
2.397, 0.908, -0.899
2.682, 1.110, -0.995
2.969, 1.334, -0.967
3.215, 1.564, -0.818
3.386, 1.775, -0.567
3.458, 1.948, -0.246
3.414, 2.061, 0.151
3.255, 2.102, 0.485
3.006, 2.072, 0.759
2.697, 1.982, 0.938
2.362, 1.848, 1.000
2.038, 1.696, 0.937
1.758, 1.555, 0.758
1.548, 1.455, 0.484
1.423, 1.421, 0.149
1.386, 1.470, -0.204
1.429, 1.610, -0.531
1.532, 1.835, -0.793
1.670, 2.127, -0.955
1.813, 2.458, -0.999
1.933, 2.795, -0.917
2.008, 3.098, -0.722
2.021, 3.335, -0.436
1.967, 3.478, -0.096
1.842, 3.499, 0.299
1.663, 3.406, 0.612
1.452, 3.216, 0.849
1.229, 2.956, 0.980
1.013, 2.661, 0.988
0.823, 2.375, 0.874
0.669, 2.138, 0.650
0.556, 1.985, 0.346
0.481, 1.941, -0.002
0.436, 2.016, -0.349
0.407, 2.206, -0.653
0.382, 2.488, -0.876
0.348, 2.830, -0.989
0.295, 3.191, -0.979
0.219, 3.525, -0.847
0.121, 3.791, -0.609
0.006, 3.955, -0.295
-0.114, 3.993, 0.100
-0.229, 3.891, 0.440
-0.328, 3.675, 0.725
-0.403, 3.370, 0.919
-0.454, 3.016, 0.999
-0.482, 2.657, 0.954
-0.497, 2.335, 0.790
-0.511, 2.089, 0.528
-0.539, 1.947, 0.200
-0.595, 1.922, -0.153
-0.690, 2.012, -0.487
-0.829, 2.199, -0.760
-1.011, 2.455, -0.939
-1.227, 2.741, -1.000
-1.460, 3.015, -0.937
-1.691, 3.239, -0.756
-1.897, 3.380, -0.482
-2.056, 3.418, -0.147
-2.147, 3.337, 0.250
-2.164, 3.150, 0.571
-2.110, 2.882, 0.820
-1.999, 2.564, 0.968
-1.851, 2.231, 0.995
-1.693, 1.920, 0.898
-1.555, 1.660, 0.688
-1.468, 1.475, 0.393
-1.454, 1.375, 0.049
-1.528, 1.361, -0.301
-1.694, 1.419, -0.614
-1.943, 1.530, -0.850
-2.252, 1.666, -0.980
-2.591, 1.799, -0.988
-2.924, 1.902, -0.873
-3.213, 1.954, -0.649
-3.426, 1.944, -0.344
-3.536, 1.868, 0.049
-3.519, 1.726, 0.393
-3.393, 1.539, 0.688
-3.175, 1.326, 0.897
-2.897, 1.108, 0.995
-2.596, 0.904, 0.968
-2.317, 0.729, 0.821
-2.097, 0.591, 0.571
-1.971, 0.492, 0.250
-1.959, 0.427, -0.102
-2.067, 0.385, -0.442
-2.285, 0.355, -0.726
-2.587, 0.322, -0.920
-2.939, 0.276, -0.999
-3.295, 0.210, -0.953
-3.612, 0.121, -0.789
-3.850, 0.013, -0.526
-3.979, -0.107, -0.198
-3.973, -0.227, 0.199
-3.835, -0.336, 0.528
-3.588, -0.423, 0.790
-3.264, -0.485, 0.954
-2.904, -0.522, 0.999
-2.550, -0.538, 0.919
-2.246, -0.545, 0.725
-2.027, -0.557, 0.440
-1.916, -0.590, 0.101
-1.923, -0.656, -0.251
-2.041, -0.766, -0.572
-2.248, -0.922, -0.822
-2.513, -1.120, -0.969
-2.795, -1.348, -0.995
-3.054, -1.588, -0.897
-3.253, -1.818, -0.687
-3.362, -2.015, -0.392
-3.366, -2.158, -0.047
-3.250, -2.225, 0.345
-3.037, -2.216, 0.650
-2.753, -2.139, 0.874
-2.430, -2.009, 0.988
-2.103, -1.848, 0.980
-1.806, -1.687, 0.849
-1.569, -1.556, 0.612
-1.408, -1.484, 0.299
-1.333, -1.492, -0.051
-1.339, -1.593, -0.395
-1.411, -1.786, -0.690
-1.526, -2.056, -0.898
-1.658, -2.380, -0.995
-1.778, -2.724, -0.968
-1.862, -3.050, -0.820
-1.892, -3.321, -0.569
-1.860, -3.506, -0.248
-1.762, -3.579, 0.149
-1.606, -3.527, 0.483
-1.413, -3.369, 0.757
-1.202, -3.126, 0.937
-0.992, -2.833, 1.000
-0.801, -2.530, 0.938
-0.641, -2.260, 0.759
-0.518, -2.062, 0.486
-0.431, -1.965, 0.152
-0.374, -1.986, -0.201
-0.334, -2.126, -0.529
-0.299, -2.370, -0.791
-0.257, -2.689, -0.954
-0.199, -3.045, -0.999
-0.119, -3.394, -0.918
-0.018, -3.690, -0.723
0.099, -3.898, -0.438
0.221, -3.989, -0.099
0.338, -3.940, 0.297
0.438, -3.767, 0.610
0.514, -3.493, 0.847
0.561, -3.154, 0.979
0.584, -2.790, 0.989
0.590, -2.446, 0.875
0.591, -2.163, 0.652
0.603, -1.972, 0.348
0.643, -1.894, 0.000
0.721, -1.932, -0.347
0.847, -2.075, -0.652
1.020, -2.299, -0.875
1.234, -2.568, -0.989
1.473, -2.844, -0.979
1.718, -3.084, -0.848
1.944, -3.256, -0.611
2.129, -3.333, -0.297
2.251, -3.300, 0.098
2.293, -3.153, 0.438
2.260, -2.918, 0.723
2.160, -2.621, 0.918
e