23 2 1
2 3 1
65 3 2
150 3 2
1 4 3
40 4 2
177 4 1
270 4 1
2 5 7
8 5 2
14 5 1
23 5 2
31 5 2
270 5 1
1 7 7
4 7 2
9 7 1
40 7 4
270 7 1
31 8 4
40 8 2
87 8 1
150 8 2
3 9 1
5 9 1
17 9 1
150 9 1
7 10 1
8 10 1
40 10 2
89 10 1
1 11 2
3 11 5
15 11 1
28 11 1
40 11 6
65 11 4
20 12 1
47 12 1
16 13 1
25 13 1
65 13 1
5 14 1
1 15 10
2 15 11
4 15 3
5 15 4
7 15 2
22 15 3
23 15 1
31 15 1
40 15 2
60 15 1
65 15 5
77 15 1
155 15 1
270 15 3
13 16 2
38 16 7
42 16 1
47 16 8
52 16 2
73 16 1
137 16 1
152 16 2
209 16 1
40 17 4
150 17 1
209 17 3
36 18 1
38 18 2
6 19 7
16 19 2
20 19 1
21 19 1
47 19 5
270 19 1
6 20 3
47 20 1
176 20 1
13 21 1
25 21 3
34 21 1
36 21 1
47 21 1
57 21 1
2 22 3
31 22 2
2 23 1
3 23 8
31 23 6
60 23 1
61 23 1
65 23 1
6 24 1
20 24 1
112 24 3
128 24 4
13 25 1
47 25 2
13 26 2
15 26 1
28 26 1
47 26 5
65 26 2
135 26 1
65 27 1
137 27 1
6 28 11
18 28 15
19 28 5
20 28 3
33 28 2
34 28 3
36 28 6
38 28 1
53 28 3
65 28 6
149 28 1
154 28 1
270 28 3
1 29 4
2 29 2
4 29 1
6 29 2
8 29 2
13 29 2
18 29 3
21 29 2
22 29 1
107 30 2
120 30 3
148 30 2
8 31 4
49 31 1
65 31 1
137 31 2
197 31 2
2 32 1
30 32 1
65 32 1
95 32 1
111 32 1
123 32 3
148 32 2
163 32 1
13 33 7
18 33 2
38 33 3
53 33 1
65 33 6
18 34 4
38 34 1
1 35 3
2 35 4
3 35 2
6 35 2
9 35 1
16 35 2
18 35 2
20 35 1
22 35 1
33 35 1
34 35 2
36 35 1
52 35 1
65 35 2
103 35 1
16 36 1
18 36 6
27 36 1
33 36 1
38 36 2
270 36 1
123 37 1
157 37 1
193 37 1
262 37 5
268 37 5
16 38 6
57 38 1
58 38 1
65 38 2
137 38 1
198 38 1
2 39 1
3 39 2
6 39 1
13 39 1
18 39 3
22 39 2
34 39 2
65 39 1
93 39 1
118 39 3
121 39 5
244 39 1
8 40 3
17 40 1
65 40 1
150 40 1
157 40 1
197 40 3
7 41 4
8 41 1
9 41 4
10 41 6
21 41 1
27 41 4
33 41 4
34 41 1
40 41 3
49 41 9
57 41 12
89 41 12
157 41 3
113 42 3
115 42 3
128 42 3
254 42 1
264 42 3
16 43 4
27 43 3
49 43 6
57 43 13
94 43 1
113 43 1
132 43 2
154 43 2
264 43 1
267 43 1
3 44 2
17 44 4
111 44 5
148 44 1
157 44 1
60 45 2
152 45 1
9 46 2
12 46 5
14 46 2
16 46 3
19 46 5
20 46 1
21 46 4
23 46 4
47 46 2
49 46 11
57 46 10
68 46 7
93 46 1
158 46 5
6 47 1
16 47 2
25 47 1
65 47 1
137 47 1
152 47 1
198 47 1
27 48 1
32 48 2
42 48 17
45 48 1
56 48 1
59 48 12
60 48 2
67 48 7
69 48 1
72 48 6
77 48 2
80 48 2
95 48 2
97 48 7
100 48 1
101 48 3
106 48 6
113 48 1
115 48 2
117 48 16
119 48 13
126 48 5
128 48 1
132 48 5
144 48 14
145 48 12
148 48 2
150 48 2
152 48 5
154 48 1
157 48 1
170 48 1
176 48 3
179 48 2
201 48 1
224 48 2
226 48 6
227 48 6
243 48 1
247 48 2
254 48 3
255 48 5
261 48 5
262 48 2
263 48 7
265 48 9
266 48 3
268 48 7
269 48 8
275 48 1
276 48 4
277 48 4
278 48 2
2 49 1
14 49 1
32 49 5
43 49 3
44 49 8
52 49 4
54 49 7
57 49 4
61 49 15
62 49 3
65 49 11
66 49 3
69 49 3
77 49 4
85 49 1
86 49 1
93 49 2
94 49 1
95 49 3
101 49 5
109 49 2
111 49 5
133 49 8
138 49 7
148 49 3
150 49 1
254 49 1
71 50 1
76 50 2
77 50 1
110 50 3
114 50 4
136 50 2
142 50 1
211 50 1
259 50 4
112 51 2
113 51 2
115 51 3
152 51 1
254 51 1
267 51 2
3 52 3
8 52 2
9 52 1
13 52 2
16 52 3
21 52 4
25 52 1
49 52 6
57 52 3
62 52 1
85 52 2
108 52 2
113 52 1
115 52 3
137 52 2
150 52 4
157 52 1
158 52 4
18 53 1
21 53 2
25 53 6
70 53 1
111 53 2
116 53 1
158 53 1
8 54 4
14 54 4
16 54 3
49 54 11
57 54 7
86 54 2
93 54 2
95 54 2
126 54 1
132 54 1
137 54 1
155 54 2
74 55 5
105 55 2
123 55 4
30 56 2
48 56 2
51 56 13
59 56 7
60 56 3
67 56 16
73 56 2
81 56 5
87 56 3
94 56 1
97 56 7
100 56 1
104 56 1
106 56 7
107 56 2
112 56 1
116 56 1
117 56 15
119 56 19
126 56 6
132 56 5
144 56 17
145 56 5
148 56 3
150 56 3
152 56 1
155 56 2
158 56 1
160 56 3
191 56 1
224 56 3
226 56 6
227 56 9
231 56 1
239 56 2
243 56 2
247 56 2
251 56 2
254 56 1
255 56 7
261 56 6
262 56 4
263 56 7
265 56 6
266 56 7
268 56 7
269 56 11
272 56 1
277 56 1
18 57 2
27 57 1
30 57 5
43 57 8
49 57 1
52 57 3
53 57 3
54 57 5
62 57 7
65 57 8
70 57 16
75 57 1
81 57 2
85 57 1
86 57 2
93 57 2
99 57 1
107 57 2
109 57 1
111 57 1
116 57 6
129 57 7
134 57 6
148 57 2
243 57 2
254 57 2
122 58 4
135 58 3
256 58 4
3 59 1
12 59 2
16 59 16
21 59 1
27 59 6
30 59 1
32 59 4
38 59 5
44 59 4
45 59 2
47 59 6
56 59 2
94 59 1
95 59 2
97 59 1
101 59 3
104 59 1
107 59 3
125 59 1
129 59 4
137 59 7
141 59 2
145 59 4
150 59 1
154 59 1
155 59 1
157 59 2
160 59 1
163 59 2
197 59 1
224 59 1
254 59 9
262 59 2
268 59 1
276 59 3
278 59 1
31 60 1
92 60 1
179 60 1
66 61 9
77 61 3
3 62 1
9 62 3
21 62 2
25 62 1
45 62 1
49 62 6
52 62 3
53 62 1
57 62 8
88 62 1
93 62 1
96 62 3
113 62 1
115 62 1
137 62 4
140 62 1
152 62 2
157 62 3
158 62 2
83 63 7
105 63 2
111 63 1
120 63 5
123 63 1
23 64 3
2 65 2
3 65 7
7 65 1
13 65 6
14 65 1
18 65 3
23 65 1
33 65 2
107 65 1
150 65 2
152 65 1
244 65 1
60 66 2
74 66 1
210 66 1
211 66 2
8 67 21
9 67 2
10 67 2
12 67 2
14 67 5
21 67 1
30 67 4
31 67 3
40 67 5
45 67 2
53 67 2
56 67 2
81 67 3
95 67 5
97 67 2
100 67 3
107 67 2
116 67 4
129 67 2
133 67 5
136 67 1
137 67 7
141 67 1
145 67 2
152 67 1
156 67 2
158 67 3
160 67 1
163 67 1
247 67 1
254 67 5
262 67 1
268 67 1
5 68 5
8 68 7
9 68 5
12 68 3
14 68 4
21 68 3
26 68 3
31 68 4
46 68 4
47 68 1
49 68 12
54 68 2
57 68 10
62 68 1
93 68 1
137 68 1
198 68 1
76 69 2
82 69 5
90 69 1
99 69 4
105 69 1
127 69 1
138 69 1
65 70 1
75 70 4
81 70 2
83 70 3
91 70 3
99 70 1
134 70 1
243 70 1
74 71 1
110 71 1
136 71 2
80 72 2
93 72 2
94 72 1
121 72 3
140 72 1
151 72 9
177 72 1
273 72 5
92 73 2
127 73 2
138 74 3
70 75 1
83 75 1
91 75 1
111 75 1
211 75 2
44 77 1
60 77 2
110 77 1
157 77 1
210 77 2
211 77 1
27 78 1
33 78 4
46 78 1
150 78 1
38 79 1
75 79 1
82 79 1
120 79 1
127 79 2
135 79 2
30 80 1
42 80 1
50 80 2
60 80 7
69 80 2
71 80 3
72 80 1
76 80 1
77 80 5
99 80 7
105 80 2
107 80 2
110 80 10
115 80 4
123 80 2
129 80 8
133 80 4
144 80 2
154 80 1
155 80 1
179 80 2
210 80 1
244 80 2
255 80 1
70 81 1
73 81 3
75 81 2
90 81 1
149 81 2
158 81 1
211 81 2
243 81 1
69 82 1
73 82 3
76 82 2
90 82 2
99 82 1
105 82 1
110 82 1
127 82 3
138 82 1
58 83 1
105 83 1
127 83 1
134 83 1
256 83 2
11 84 3
27 84 1
157 84 2
193 84 1
262 84 2
38 85 1
43 85 1
49 85 2
57 85 1
150 85 1
8 86 3
10 86 1
12 86 4
49 86 8
51 86 6
54 86 2
57 86 7
93 86 2
94 86 3
107 86 1
115 86 2
126 86 3
132 86 4
140 86 1
57 87 1
80 87 2
85 87 3
113 87 1
118 87 4
141 87 1
151 87 4
254 87 1
260 87 4
21 88 1
31 88 1
47 88 4
150 88 1
156 88 4
179 88 2
7 89 1
10 89 4
11 89 4
16 89 10
17 89 1
21 89 2
27 89 6
36 89 10
38 89 2
41 89 6
43 89 1
49 89 7
52 89 1
57 89 11
197 89 1
48 91 1
92 91 1
104 91 2
136 91 2
142 91 2
147 91 2
149 91 1
176 91 1
177 91 1
243 91 3
257 91 1
91 92 1
136 92 1
142 92 1
147 92 4
159 92 1
207 92 1
247 92 1
257 92 1
258 92 1
274 92 1
49 93 4
54 93 1
126 93 1
150 93 1
154 93 1
60 94 1
66 94 1
69 94 1
73 94 10
79 94 2
81 94 3
82 94 4
87 94 1
90 94 1
95 94 2
99 94 4
105 94 10
127 94 14
129 94 1
133 94 8
144 94 2
145 94 1
151 94 1
154 94 1
155 94 2
157 94 1
210 94 1
224 94 1
244 94 4
255 94 3
1 95 1
8 95 8
10 95 1
14 95 2
24 95 1
30 95 1
32 95 4
40 95 2
65 95 5
76 95 1
94 95 4
101 95 9
113 95 1
120 95 1
123 95 2
137 95 3
138 95 4
163 95 1
255 95 1
52 96 1
87 96 1
115 96 1
140 96 1
151 96 2
163 96 1
224 96 1
244 96 2
255 96 2
17 97 1
44 97 1
53 97 1
56 97 1
60 97 4
66 97 1
73 97 1
77 97 6
80 97 5
91 97 1
92 97 2
100 97 3
104 97 1
106 97 1
113 97 2
115 97 2
117 97 1
141 97 1
142 97 1
144 97 4
145 97 5
147 97 1
148 97 3
149 97 1
154 97 2
155 97 4
159 97 10
160 97 2
179 97 6
193 97 6
207 97 1
243 97 4
247 97 5
254 97 1
255 97 1
256 97 1
262 97 5
268 97 8
270 97 4
276 97 1
14 98 1
26 98 2
46 98 1
157 98 1
268 98 2
69 99 1
74 99 4
82 99 1
83 99 1
90 99 2
120 99 3
123 99 1
133 99 1
44 100 1
60 100 3
73 100 2
92 100 4
142 100 1
145 100 1
147 100 1
149 100 2
152 100 1
155 100 5
159 100 2
177 100 1
193 100 1
262 100 1
266 100 1
270 100 2
276 100 1
278 100 5
1 101 1
44 101 5
61 101 5
95 101 1
111 101 1
254 101 1
47 102 1
49 102 2
57 102 1
198 102 1
26 103 1
38 103 2
40 103 4
47 103 1
157 103 1
163 103 3
179 103 1
267 103 1
60 104 1
91 104 3
100 104 1
115 104 1
136 104 1
142 104 2
147 104 1
148 104 1
149 104 1
154 104 3
158 104 1
160 104 1
176 104 2
210 104 1
211 104 2
261 104 1
262 104 3
270 104 3
271 104 1
276 104 4
278 104 5
60 105 3
63 105 1
73 105 1
76 105 1
80 105 1
83 105 2
110 105 3
123 105 2
127 105 1
256 105 1
14 106 1
25 106 1
48 106 1
53 106 2
73 106 2
75 106 2
81 106 3
91 106 1
92 106 1
94 106 3
95 106 1
97 106 1
100 106 1
104 106 4
113 106 3
115 106 5
136 106 2
142 106 5
144 106 5
145 106 1
147 106 2
148 106 4
149 106 17
154 106 5
155 106 7
157 106 2
158 106 1
159 106 1
160 106 2
179 106 4
193 106 6
243 106 5
247 106 6
262 106 12
268 106 6
270 106 4
276 106 2
278 106 1
12 107 1
16 107 10
24 107 1
27 107 1
30 107 7
47 107 1
65 107 4
80 107 4
115 107 1
116 107 13
120 107 2
134 107 2
137 107 5
156 107 1
255 107 1
42 108 2
113 108 1
115 108 1
126 108 1
141 108 1
244 108 3
255 108 4
8 109 4
10 109 2
16 109 1
39 109 1
42 109 8
43 109 4
49 109 10
57 109 7
80 109 4
85 109 1
113 109 5
115 109 4
126 109 3
129 109 1
132 109 3
137 109 2
140 109 2
141 109 1
267 109 1
50 110 11
60 110 6
69 110 2
71 110 9
77 110 7
90 110 1
99 110 3
105 110 2
123 110 2
133 110 3
136 110 5
211 110 1
259 110 6
61 111 2
70 111 3
75 111 2
83 111 2
91 111 3
92 111 4
156 111 1
158 111 1
163 111 2
254 111 3
25 112 1
66 112 1
92 112 1
126 112 2
133 112 9
140 112 1
254 112 3
267 112 2
42 113 2
51 113 5
72 113 3
77 113 1
80 113 2
87 113 4
94 113 16
126 113 1
133 113 4
137 113 1
140 113 2
141 113 2
151 113 2
155 113 3
159 113 4
211 113 2
142 114 1
259 114 1
42 115 12
51 115 2
62 115 2
72 115 6
80 115 13
87 115 5
91 115 1
94 115 1
126 115 3
129 115 4
137 115 4
140 115 2
141 115 1
149 115 4
154 115 5
243 115 1
254 115 1
53 116 4
65 116 1
70 116 4
83 116 1
120 116 1
123 116 1
254 116 1
56 117 2
60 117 4
67 117 1
73 117 2
77 117 4
81 117 1
92 117 1
95 117 1
97 117 2
100 117 3
101 117 1
135 117 1
136 117 1
144 117 13
145 117 1
148 117 1
152 117 2
160 117 1
197 117 1
210 117 1
211 117 2
247 117 2
257 117 1
261 117 2
262 117 2
263 117 1
266 117 3
268 117 1
269 117 6
272 117 1
276 117 1
277 117 4
278 117 3
70 118 2
75 118 1
91 118 2
129 118 3
254 118 2
260 118 6
48 119 1
56 119 1
60 119 1
73 119 5
77 119 2
81 119 5
91 119 1
97 119 1
100 119 1
104 119 1
117 119 2
136 119 1
144 119 6
145 119 10
148 119 1
155 119 1
158 119 1
186 119 1
261 119 4
262 119 5
263 119 1
265 119 1
266 119 1
268 119 5
269 119 7
277 119 1
278 119 3
61 121 2
92 121 1
133 121 7
136 121 1
157 121 2
254 121 3
273 121 6
135 122 2
211 122 1
55 123 1
71 123 1
40 124 2
57 124 1
150 124 1
97 125 1
137 125 2
147 125 1
150 125 1
160 125 1
181 125 2
199 125 1
210 125 1
243 125 4
244 125 2
253 125 5
256 125 1
268 125 1
276 125 2
278 125 2
3 126 1
23 126 1
26 126 1
31 126 7
38 126 2
40 126 2
44 126 1
47 126 4
73 126 1
154 126 1
155 126 2
58 127 11
69 127 4
73 127 10
79 127 10
81 127 10
82 127 2
90 127 3
105 127 3
129 127 1
135 127 5
256 127 7
17 128 1
40 128 1
47 128 1
70 128 1
91 128 1
129 128 5
132 128 1
150 128 1
244 128 1
254 128 2
264 128 2
65 129 4
70 129 8
75 129 4
83 129 7
107 129 1
111 129 5
127 129 1
134 129 8
163 129 1
210 129 1
211 129 1
17 130 1
31 130 2
57 130 1
93 130 2
157 130 1
25 131 2
38 131 2
53 131 1
85 131 2
141 131 1
6 132 1
11 132 1
17 132 1
25 132 1
26 132 1
31 132 4
33 132 1
38 132 4
40 132 4
47 132 3
73 132 1
155 132 1
179 132 1
224 132 1
61 133 12
65 133 4
66 133 9
74 133 10
76 133 1
110 133 1
111 133 6
138 133 13
210 133 1
211 133 2
254 133 3
63 134 13
70 134 1
79 134 1
82 134 9
83 134 2
99 134 6
105 134 14
116 134 1
58 135 1
158 135 1
50 136 2
110 136 2
14 137 1
40 137 1
47 137 1
62 137 1
104 137 1
115 137 1
224 137 3
262 137 2
32 138 1
55 138 7
69 138 10
74 138 1
76 138 2
80 138 1
82 138 4
99 138 13
105 138 4
97 139 1
133 139 1
169 139 3
175 139 2
96 140 4
108 140 3
126 140 1
137 140 4
152 140 1
156 140 1
163 140 2
244 140 7
255 140 1
62 141 1
96 141 4
108 141 3
115 141 1
137 141 1
152 141 2
156 141 4
221 141 6
223 141 16
228 141 11
244 141 7
255 141 2
270 141 1
91 142 3
92 142 1
104 142 1
125 142 1
135 142 2
136 142 1
147 142 7
209 142 1
256 142 1
278 142 1
56 143 3
59 143 7
67 143 3
100 143 1
117 143 3
119 143 1
125 143 4
211 143 2
80 144 1
145 144 2
150 144 2
152 144 1
224 144 1
268 144 1
144 145 1
152 145 1
155 145 1
59 146 3
67 146 3
117 146 1
119 146 1
125 146 3
210 146 1
91 147 1
92 147 2
135 147 2
136 147 4
142 147 1
149 147 1
160 147 1
209 147 1
210 147 2
211 147 6
257 147 3
263 147 1
92 148 2
243 148 2
247 148 1
254 148 4
268 148 1
58 149 1
83 149 2
104 149 1
127 149 2
135 149 1
210 149 4
256 149 1
3 150 2
45 150 1
144 150 2
152 150 2
177 150 3
94 151 3
145 151 1
147 151 1
170 151 2
254 151 1
13 152 2
56 152 1
144 152 2
145 152 2
150 152 1
176 152 1
193 152 2
267 152 1
254 153 1
262 153 3
268 153 1
270 153 1
25 154 1
70 154 1
81 154 2
115 154 1
126 154 1
127 154 1
132 154 1
152 154 1
158 154 1
61 155 1
74 155 1
77 155 1
110 155 1
150 155 1
157 155 1
247 155 1
270 155 1
30 156 4
53 156 2
70 156 3
80 156 1
83 156 1
96 156 1
107 156 1
150 156 6
152 156 4
243 156 1
244 156 3
255 156 5
40 157 4
44 157 2
87 157 1
103 157 1
110 157 1
150 157 1
197 157 1
259 157 1
47 158 1
53 158 1
72 158 1
81 158 2
96 158 1
135 158 2
210 158 1
243 158 1
80 159 1
110 159 1
136 159 1
150 159 1
211 159 3
278 159 1
147 160 2
257 160 5
258 160 3
269 160 1
278 160 1
59 161 5
67 161 1
151 161 3
167 161 2
193 161 2
56 162 1
59 162 6
67 162 2
117 162 1
119 162 2
125 162 5
151 162 1
210 162 1
254 162 1
270 162 1
30 163 1
32 163 5
44 163 3
56 163 1
61 163 1
92 163 1
111 163 1
133 163 1
150 163 5
152 163 7
244 163 2
247 163 2
255 163 5
37 164 4
125 164 1
139 164 20
151 164 1
161 164 9
165 164 10
167 164 1
168 164 4
169 164 1
170 164 13
172 164 1
174 164 1
178 164 18
181 164 7
183 164 1
188 164 6
199 164 2
256 164 1
278 164 2
172 165 1
56 166 1
59 166 1
67 166 3
106 166 1
119 166 1
165 166 1
262 166 1
91 167 1
151 167 3
161 167 2
165 167 21
166 167 5
168 167 17
170 167 2
174 167 2
181 167 4
188 167 2
199 167 1
256 167 1
48 168 2
56 168 2
59 168 5
67 168 5
117 168 2
119 168 1
166 168 2
193 168 1
59 169 1
139 169 9
151 169 1
164 169 1
165 169 15
168 169 1
170 169 8
172 169 10
174 169 11
178 169 3
181 169 1
183 169 1
188 169 2
199 169 1
48 170 1
56 170 2
67 170 1
97 170 1
117 170 1
139 170 1
162 170 1
169 170 6
254 170 1
186 171 2
262 171 1
37 172 1
48 172 1
56 172 2
67 172 2
165 172 1
268 172 1
56 173 1
67 173 1
185 173 1
195 173 1
254 173 2
262 173 4
268 173 3
270 173 1
48 174 2
56 174 2
59 174 1
67 174 3
117 174 1
119 174 1
125 174 1
164 174 2
262 174 1
59 175 1
106 175 1
139 175 3
153 175 23
165 175 1
174 175 5
178 175 3
181 175 1
182 175 1
183 175 15
185 175 25
199 175 1
47 176 1
193 176 4
198 176 5
210 176 1
276 176 4
278 176 2
140 177 1
150 177 1
193 177 3
197 177 6
276 177 1
278 177 2
48 178 2
56 178 5
59 178 3
67 178 2
117 178 2
151 178 1
170 178 2
175 178 2
191 180 2
262 180 1
268 180 3
188 181 4
199 181 2
207 181 1
37 182 4
139 182 1
153 182 2
171 182 37
173 182 4
178 182 11
180 182 6
181 182 6
185 182 1
186 182 21
188 182 4
192 182 5
195 182 1
199 182 4
200 182 1
243 182 1
48 183 1
56 183 1
67 183 1
97 183 1
106 183 1
165 183 1
153 184 14
173 184 9
181 184 2
182 184 1
185 184 6
186 184 3
188 184 5
190 184 11
195 184 12
199 184 2
210 184 2
225 184 4
48 185 6
56 185 3
59 185 3
67 185 1
117 185 2
119 185 4
153 185 5
182 185 1
183 185 1
195 185 1
48 186 2
56 186 2
67 186 1
106 186 1
171 186 1
178 186 1
201 187 2
202 187 2
262 187 1
139 188 1
181 188 3
199 188 1
210 188 3
276 188 2
117 189 1
188 189 1
208 189 1
254 189 1
262 189 3
268 189 4
48 190 1
56 190 1
97 190 1
106 190 1
119 190 1
173 190 1
185 190 1
37 191 2
153 191 1
173 191 26
181 191 5
188 191 5
192 191 2
195 191 15
199 191 4
200 191 9
202 191 1
208 191 1
225 191 3
48 192 3
56 192 1
67 192 1
119 192 2
191 192 2
141 193 1
228 193 1
217 194 1
262 194 2
268 194 2
48 195 7
56 195 6
59 195 1
117 195 2
119 195 2
185 195 2
37 196 3
173 196 10
180 196 16
181 196 6
187 196 27
188 196 9
189 196 3
192 196 13
199 196 5
202 196 24
212 196 3
276 196 1
136 197 1
157 197 1
159 197 2
224 197 1
176 198 1
97 199 1
181 199 1
188 199 4
207 199 4
209 199 1
210 199 1
276 199 1
48 200 3
56 200 1
97 200 1
106 200 1
117 200 1
119 200 1
173 200 1
190 200 1
210 200 1
173 201 7
181 201 1
187 201 7
188 201 1
189 201 13
194 201 1
199 201 4
202 201 2
205 201 13
208 201 16
225 201 3
276 201 1
48 202 4
56 202 3
117 202 1
201 202 1
210 202 1
194 203 1
268 203 3
48 204 2
56 204 1
254 204 1
262 204 2
268 204 1
56 205 2
97 205 1
106 205 1
270 205 1
277 205 1
194 206 8
199 206 5
212 206 9
217 206 5
276 206 1
209 207 1
48 208 7
56 208 2
106 208 1
117 208 2
119 208 1
210 208 1
262 208 1
207 209 1
211 209 3
81 210 1
104 210 1
106 210 1
114 210 1
122 210 1
125 210 1
135 210 2
138 210 1
142 210 1
149 210 1
176 210 4
199 210 1
211 210 3
256 210 1
276 210 1
277 210 1
110 211 1
111 211 1
114 211 1
134 211 1
135 211 1
147 211 1
177 211 1
209 211 1
210 211 1
259 211 2
279 211 1
97 212 1
217 213 1
218 213 1
229 213 6
232 213 1
262 213 1
268 213 1
48 214 8
56 214 3
106 214 1
194 215 30
199 215 12
203 215 2
212 215 12
216 215 1
217 215 21
229 215 3
217 216 5
48 217 9
56 217 12
194 217 1
216 217 4
213 218 3
233 218 2
48 219 1
56 219 5
254 219 2
262 219 2
268 219 2
48 220 5
56 220 6
56 221 1
141 221 3
228 221 7
254 221 3
268 221 1
270 221 1
277 221 2
213 222 10
229 222 10
232 222 1
56 223 1
141 223 1
147 223 1
221 223 1
228 223 8
270 223 1
277 223 3
176 224 1
197 224 1
37 225 3
48 225 11
56 225 11
210 225 1
262 225 1
227 226 1
268 226 1
141 228 1
221 228 2
48 229 7
56 229 6
106 229 1
213 229 9
217 229 1
221 229 1
227 229 1
239 230 1
240 230 1
242 230 1
262 230 2
268 230 1
48 231 8
56 231 5
97 231 1
213 232 30
218 232 8
226 232 1
229 232 15
233 232 1
213 233 1
218 233 5
226 233 1
48 234 5
56 234 4
97 234 1
242 235 1
254 235 2
262 235 1
245 236 4
254 236 2
262 236 3
268 236 1
48 237 2
56 237 1
97 237 1
106 237 1
117 237 1
119 237 1
48 238 2
56 238 3
142 239 1
221 239 1
230 239 1
48 240 6
56 240 8
117 240 1
160 240 1
239 240 1
242 240 3
245 240 1
48 241 4
56 241 6
119 241 2
245 241 2
252 241 1
125 242 4
230 242 2
240 242 4
245 242 3
276 242 1
70 243 1
81 243 1
91 243 2
125 243 1
149 243 4
160 243 1
199 243 1
59 244 1
96 244 1
160 244 1
181 244 2
188 244 2
209 244 1
229 244 1
230 244 1
255 244 1
256 244 1
271 244 2
272 244 1
276 244 2
278 244 1
48 245 2
235 245 1
242 245 2
251 245 1
254 245 1
263 245 2
265 245 1
271 245 1
272 245 1
274 245 1
275 245 2
125 246 2
230 246 9
235 246 7
240 246 10
245 246 2
249 246 1
252 246 1
253 246 3
92 247 3
111 247 1
148 247 1
159 247 3
253 247 2
48 248 4
56 248 8
117 248 1
119 248 1
160 248 1
245 248 3
253 248 4
258 248 1
263 248 1
48 249 3
56 249 2
117 249 1
245 249 5
252 249 1
268 249 1
270 249 1
274 249 2
275 249 7
241 250 1
37 251 1
56 251 2
236 251 2
241 251 2
245 251 11
249 251 1
250 251 4
252 251 3
241 252 1
253 252 1
111 254 2
129 254 2
133 254 1
141 254 1
144 254 1
145 254 1
151 254 1
179 254 3
221 254 24
223 254 35
227 254 3
228 254 3
257 254 2
258 254 2
262 254 4
270 254 1
274 254 8
275 254 6
277 254 5
117 255 1
163 255 1
181 255 1
188 255 1
199 255 1
209 255 2
243 255 2
244 255 2
253 255 3
256 255 1
91 256 2
100 256 1
122 256 13
147 256 1
160 256 1
188 256 1
199 256 4
210 256 1
243 256 1
160 257 2
258 257 6
257 258 5
91 259 1
114 259 14
136 259 1
140 259 1
142 259 1
147 259 1
257 259 2
258 259 2
48 261 1
56 261 1
117 261 2
119 261 1
245 261 2
275 261 1
48 262 10
56 262 7
73 262 2
100 262 2
104 262 1
119 262 1
145 262 2
149 262 1
160 262 1
176 262 2
193 262 4
197 262 4
223 262 1
226 262 1
227 262 13
228 262 2
243 262 4
245 262 2
251 262 1
254 262 3
263 262 6
265 262 13
268 262 3
275 262 2
276 262 1
277 262 2
278 262 1
257 263 5
258 263 5
265 263 1
42 264 1
157 264 1
163 264 1
257 265 5
258 265 1
261 265 1
263 265 1
56 266 3
268 266 1
269 266 1
274 266 1
156 267 1
158 267 1
48 268 6
56 268 5
59 268 1
100 268 4
104 268 2
148 268 2
149 268 1
188 268 1
193 268 5
197 268 2
198 268 3
223 268 1
226 268 6
227 268 10
235 268 1
243 268 7
245 268 3
247 268 3
251 268 1
254 268 1
262 268 2
263 268 3
266 268 3
270 268 1
272 268 1
274 268 8
117 269 1
266 269 1
276 269 2
278 269 1
7 270 1
43 270 1
152 270 1
193 270 3
221 270 2
228 270 1
254 270 3
266 270 1
268 270 1
125 271 1
261 271 1
266 271 1
276 271 2
278 271 1
268 272 1
271 272 1
121 273 1
253 275 1
274 275 1
97 276 1
104 276 1
135 276 1
160 276 2
176 276 1
177 276 2
199 276 1
210 276 2
240 276 2
252 276 1
278 276 5
104 277 2
92 278 1
147 278 2
176 278 4
177 278 2
193 278 1
261 278 1
269 278 1
276 278 1

